  0  unknown                          25   5  25    0
  1  ACgG                               64  73  71    0
  2  OFC                               142 170 173    0
  3  lat_PFC                           177 118 143    0
  4  motor                             254 114 133    0
  5  SI/SII                             71 201  94    0
  6  SPL                               144 130 222    0
  7  IPL                               173 220 198    0
  8  PMC                               112 106 203    0
  9  MTL                                50 227 207    0
 10  TG                                 54  65 233    0
 11  ITC                               163 110  63    0
 12  STG/STSd                          193 168 245    0
 13  core/belt                         151  71 199    0
 14  floor_of_ls                        66  98 168    0
 15  MT                                121  81 109    0
 16  V2-V4                             224 255 210    0
 17  V1                                 65 182 149    0
 18  MPal                              149 113	63    0
 19  Amy                               228 207 237    0
