   0  unknown                          25   5  25    0
   2  ACgG                               64  73  71    0
  16  OFC                               142 170 173    0
  50  lat_PFC                           177 118 143    0
  77  motor                             254 114 133    0
  91  SI/SII                             71 201  94    0
  96  SPL                               144 130 222    0
 112  IPL                               173 220 198    0
 125  PMC                               112 106 203    0
 139  MTL                                50 227 207    0
 165  TG                                 54  65 233    0
 175  ITC                               163 110  63    0
 193  STG/STSd                          193 168 245    0
 204  core/belt                         151  71 199    0
 224  floor_of_ls                        66  98 168    0
 232  MT                                121  81 109    0
 233  V2-V4                             224 255 210    0
 246  V1                                 65 182 149    0
 510  MPal                              149 113	 63    0
 516  Amy                               228 207 237    0
