1000  unknown                          25   5  25    0
1002  ACgG                              183 202 157    0
1016  OFC                               143 236 149    0
1050  lat_PFC                           132 206 157    0
1077  motor                             222  62 106    0
1091  SI/SII                            142 251  59    0
1096  SPL                               212 159  81    0
1112  IPL                               122  68 115    0
1125  PMC                                88 243 138    0
1139  MTL                                79 173  88    0
1165  TG                                 86 191 250    0
1175  ITC                               161 201 240    0
1193  STG/STSd                          128 206 208    0
1204  core/belt                         147 214 149    0
1224  floor_of_ls                        76  84 231    0
1232  MT                                197  82 229    0
1233  V2-V4                             130 127 180    0
1246  V1                                 92  65 184    0
